1 909652533
2 842151986
3 942815031
4 943206968
5 842020914
6 959592760
7 876098099
8 842610738
9 959592505
10 842609200
11 859189299
12 808661552
13 842150708
14 858993203
15 875770674
16 942945074
17 858993715
18 926101814
19 842478388
20 875704372
21 909391156
22 943273009
23 892613685
24 892679732
25 825832761
26 892811317
27 825636152
28 892417587
29 909389878
30 859190834
31 909456694
32 -13224650
33 909522230
34 892744502
35 842282546
36 909194806
37 875968309
38 926234161
39 909194806
40 892744244
41 859190834
42 909456438
43 909522996
44 942945844
45 909456438
46 892744502
47 842282547
48 909194806
49 875968309
50 926234161
51 909194806
52 892744244
53 859190834
54 909456438
55 909522996
56 959723060
57 909390902
58 892744502
59 842282547
60 909129270
61 875968309
62 909456945
63 909194806
64 892744244
65 859190834
66 909456438
67 909522996
68 959723060
69 909390902
70 892744502
71 842282548
72 909129270
73 875968565
74 909456945
75 909194806
76 892744500
77 859190833
78 909456438
79 909522740
80 808793652
81 909390902
82 892744502
83 842282548
84 909129270
85 875968565
86 892679730
87 909194806
88 892744500
89 859190833
90 909521974
91 909522740
92 808793652
93 909390902
94 892744246
95 842282548
96 909718838
97 875968565
98 892679729
99 909194806
100 892744500
101 859190832
102 909521974
103 909522484
104 808793652
105 909325366
106 892744246
107 825505333
108 909718838
109 875968821
110 892679729
111 909260342
112 892744500
113 875968048
114 909587510
115 909522484
116 825570868
117 909325366
118 892744246
119 842282549
120 909653302
121 875968821
122 875902513
123 909260342
124 892744500
125 875968048
126 909587510
127 909522484
128 825570868
129 909325366
130 892744246
131 825505333
132 909653302
133 875968821
134 875902514
135 909260342
136 875967540
137 875968057
138 909587510
139 909522484
140 825570867
141 909325366
142 892743990
143 825505334
144 909653302
145 875968821
146 859125298
147 909325878
148 875967540
149 875968057
150 909653046
151 909522228
152 842348084
153 909259830
154 892743990
155 825505334
156 909587766
157 875966518
158 859125298
159 909325878
160 875967540
161 875968056
162 909653046
163 909522228
164 842348083
165 909259830
166 892743990
167 825505334
168 909587766
169 875966518
170 842348082
171 909260342
172 875967540
173 875968056
174 909653046
175 909521972
176 842348083
177 909259830
178 892743734
179 825505334
180 909522230
181 875966518
182 842348082
183 909325878
184 875967540
185 875968055
186 909653046
187 909521972
188 859125299
189 909259830
190 892743734
191 825505335
192 909522230
193 875966518
194 825570866
195 909325878
196 875967796
197 875968055
198 909718582
199 909521972
200 859125298
201 909259830
202 892743734
203 825505335
204 909456694
205 875966774
206 825570866
207 909325878
208 875967796
209 875968055
210 909718582
211 909521716
212 859125298
213 909194294
214 892746037
215 825505336
216 909456694
217 875966774
218 825570866
219 909325878
220 875968052
221 859190838
222 909718582
223 909521716
224 875902514
225 909194294
226 892746037
227 825505336
228 909456694
229 875966774
230 808793651
231 909391414
232 875968052
233 859190838
234 909129014
235 909521716
236 875902514
237 909194294
238 892746037
239 825505336
240 909391158
241 875966774
242 808793651
243 909325878
244 875968052
245 859190838
246 909129014
247 909521716
248 892679730
249 909194294
250 892745781
251 825505336
252 909391158
253 875967030
254 959723059
255 909325878
256 875968052
257 859190837
258 909194550
259 909521716
260 892679730
261 909194294
262 892745781
263 842282553
264 909391158
265 875967030
266 959723060
267 909391414
268 875968308
269 859190838
270 909194550
271 909521460
272 909456946
273 909194294
274 892745781
275 842282553
276 909325622
277 875967286
278 959723060
279 909391414
280 875968308
281 859190837
282 909260086
283 909521716
284 909456945
285 909194294
286 909522741
287 842282544
288 909325622
289 875967286
290 959723060
291 909391414
292 875968564
293 859190837
294 909260086
295 909521460
296 909456945
297 909194294
298 909522741
299 842282544
300 909325622
301 875967286
302 942945845
303 909391414
304 875968564
305 859190837
306 909325622
307 909521716
308 926234160
309 909194294
310 909522741
311 842282545
312 909260086
313 875967286
314 942945845
315 909391414
316 875968820
317 859190837
318 909325622
319 909521460
320 926234161
321 909194294
322 909522485
323 842282545
324 909260086
325 875967286
326 942945845
327 909391414
328 875968820
329 859190836
330 909325622
331 909521460
332 926234160
333 909194294
334 909522485
335 859059761
336 909260086
337 875967542
338 926168629
339 909391414
340 875968820
341 859190836
342 909325622
343 909521460
344 943011376
345 909194294
346 909522485
347 859059761
348 909194550
349 875967286
350 926168630
351 909391414
352 875968820
353 842413620
354 909391158
355 892744244
356 943011385
357 909194294
358 909522229
359 859059762
360 909194550
361 875967286
362 926168630
363 909391414
364 875966517
365 842413620
366 909391158
367 892744244
368 959788601
369 909259830
370 909522229
371 859059762
372 909129014
373 875967542
374 909391414
375 909391414
376 875966517
377 842413619
378 909456694
379 892744244
380 959788601
381 909194294
382 909521973
383 859059762
384 909129014
385 875967542
386 909391414
387 909391414
388 875966773
389 842413619
390 909456694
391 892743988
392 959788600
393 909259830
394 909521973
395 875836978
396 909718582
397 875967542
398 909391415
399 909325878
400 875966773
401 842413619
402 842413366
403 825505333
404 909653302
405 875968821
406 875902513
407 842413620
408 909390902
409 909523252
410 926168628
411 909456438
412 892744502
413 859059762
414 858863158
415 909522230
416 892743988
417 808859192
418 808596534
419 909325622
420 875967030
421 959723060
422 909391414
423 875968564
424 859190837
425 909194550
426 909521460
427 892743990
428 825505334
429 909587766
430 875966518
431 842348082
432 909325878
433 875967540
434 875968056
435 942945844
436 909456438
437 892744502
438 892614194
439 825636402
440 909522230
441 892743988
442 808859191
443 909259830
444 909521461
445 875836979
446 876098614
447 909391414
448 875968564
449 859190836
450 858928438
451 909259830
452 892743734
453 825505335
454 909522230
455 875966518
456 842348082
457 909325878
458 909522228
459 909522740
460 959723060
461 909390902
462 892744502
463 842282547
464 909129270
465 875968309
466 875902513
467 825636406
468 909325366
469 909521205
470 909391411
471 926168629
472 909391414
473 875968820
474 842413620
475 909391158
476 909521460
477 943011376
478 942814262
479 909522230
480 875966774
481 825570867
482 825505334
483 909521974
484 909522740
485 808793652
486 909390902
487 892744502
488 842282548
489 909129270
490 909522997
491 892743988
492 842413621
493 909325366
494 909521205
495 909391412
496 909587510
497 892744758
498 892614192
499 842413620
500 909391158
501 892744244
502 892679737
503 842282553
504 909456694
505 875967030
506 808793651
507 909325878
508 875968052
509 875968054
510 875574582
511 909325366
512 892744246
513 825505333
514 825832758
515 909718838
516 892743988
517 842413621
518 909390902
519 909520949
520 926168628
521 909521974
522 909521974
523 875966773
524 842413619
525 909456694
526 892743988
527 959788600
528 909259830
529 909521973
530 909391410
531 808793652
532 909391414
533 875968308
534 875968054
535 825570868
536 909325366
537 892743990
538 825505334
539 909653302
540 875968821
541 859125297
542 858928694
543 909390902
544 909523252
545 926168627
546 926233654
547 909325878
548 875966773
549 825636402
550 909456694
551 892743732
552 959788599
553 909194294
554 909521461
555 875966774
556 926168627
557 909325878
558 875968052
559 842413620
560 909129014
561 909521204
562 909456944
563 808728117
564 909522230
565 875968565
566 875902512
567 842413617
568 909325366
569 909522740
570 926168627
571 909325366
572 892744246
573 825505329
574 825832758
575 909456694
576 892743732
577 959788597
578 959525942
579 909194550
580 875967030
581 909391411
582 909325878
583 875968308
584 842413619
585 909194550
586 909521204
587 892746037
588 808728118
589 909456694
590 875968821
591 808793649
592 909260342
593 875967284
594 875968054
595 926168626
596 909259830
597 892743990
598 892614193
599 943011376
600 909456694
601 892746035
602 959788596
603 909128758
604 909523252
605 859059761
606 859124790
607 909260342
608 875968308
609 808859186
610 808531254
611 909718326
612 892745525
613 959657525
614 909325622
615 859191349
616 926168633
617 909653302
618 909523251
619 875968563
620 892483129
621 892877109
622 825571126
623 909521970
624 875902004
625 959656242
626 959984433
627 926364466
628 859387187
629 892548149
630 892613431
631 909325107
632 858928179
633 842215987
634 942814002
635 858993203
636 825438513
637 875639606
638 875704371
639 859058227
640 959592240
641 876163637
642 876165426
643 842021170
644 959591992
645 909652530
646 842610482
647 942814520
648 876032563
649 842610482
650 842150200
651 926036535
652 943141428
653 842020658
654 926038326
655 959853110
656 842413618
657 909259575
658 909521465
659 808923699
660 842020658
661 909259318
662 909587000
663 842412592
664 842348082
665 909259063
666 875967027
667 842086194
668 909260342
669 825700914
670 825767474
671 842151474
672 926036023
673 859189808
674 859387442
675 842151730
676 909260086
677 876032568
678 842479154
679 926037814
680 808923701
681 842479154
682 842151479
683 909259575
684 909586999
685 842413874
686 926038326
687 959918645
688 842086194
689 942814263
690 943141425
691 876032564
692 842217522
693 926038071
694 926429749
695 842543669
696 842413874
697 942814520
698 959918646
699 842414130
700 942813241
701 909652530
702 909392178
703 842479666
704 959592248
705 825831991
706 825767986
707 842610994
708 959592249
709 825242417
710 842215475
711 808662585
712 875639606
713 859254835
714 858993969
715 842217266
716 875705137
717 858797107
718 858993971
719 825570100
720 858862899
721 909326132
722 909587255
723 876032822
724 876034355
725 825505329
726 825439282
727 959788082
728 876033332
729 825570615
730 875640114
731 892875317
732 926234166
733 808924464
734 808529974
735 892743734
736 825636153
737 875705909
738 876097590
739 909717814
740 825635891
741 808597047
742 909718326
743 842413362
744 808728112
745 909259574
746 909520946
747 859191603
748 842151480
749 909587254
750 842412852
751 858994228
752 909521974
753 842414130
754 842282553
755 842217015
756 909521462
757 859190836
758 858928695
759 842282549
760 909194294
761 859190322
762 875836983
763 909455926
764 875967027
765 909260341
766 909521462
767 909259830
768 825636402
769 808662582
770 808792374
771 892614965
772 943012153
773 875902261
774 892941365
775 808792116
776 926495800
777 875903284
778 875837494
779 875835701
780 926037049
781 876032052
782 959658288
783 825766712
784 859060275
785 909324344
786 909521715
787 875967283
788 859321395
789 875770676
790 875770679
791 892482355
792 858927923
793 825439282
794 825373493
795 859320627
796 825440304
797 875639603
798 875769907
799 859123763
800 959592752
801 943272505
802 942944307
803 842414386
804 959590713
805 876163641
806 842414130
807 959590969
808 842543665
809 842479666
810 842151992
811 942815287
812 892875312
813 842348338
814 942814263
815 859255344
816 842544690
817 926037303
818 926298673
819 808923700
820 842610226
821 909259062
822 909521461
823 959787576
824 842085938
825 892483382
826 943010361
827 842413618
828 892481590
829 892744246
830 892483122
831 842413362
832 909259830
833 943010357
834 943011378
835 842610226
836 909259318
837 876032566
838 842479154
839 942815542
840 909586992
841 842217266
842 842151224
843 942814264
844 825831984
845 842217778
846 959591992
847 825242421
848 842217778
849 825440313
850 825242416
851 875705145
852 859387187
853 909390137
854 909391153
855 926299445
856 909522741
857 825634865
858 892352054
859 909521462
860 825635891
861 808662584
862 808662070
863 909521462
864 875966515
865 858994232
866 859386422
867 909718582
868 842412084
869 959723065
870 909521974
871 875966515
872 825570870
873 909325110
874 909521460
875 859190325
876 959657526
877 909522230
878 859189556
879 909456950
880 909521974
881 892745011
882 892679731
883 892548657
884 909718582
885 859190581
886 859059767
887 943011381
888 909128758
889 892744244
890 875836984
891 909718326
892 875968565
893 926103097
894 926233910
895 909391158
896 892745523
897 926234161
898 926495542
899 909587510
900 875966518
901 859059762
902 909129270
903 875968052
904 959788592
905 909194550
906 909522995
907 892745269
908 942880309
909 909260086
910 875968565
911 926168624
912 909194806
913 875967284
914 875968051
915 942945841
916 909128758
917 892746037
918 892548658
919 909456953
920 909522230
921 892746035
922 808859186
923 909194294
924 909522740
925 875836977
926 875770934
927 909194806
928 875968564
929 959788593
930 959657270
931 909718326
932 892745269
933 959657527
934 909194550
935 875968821
936 926168625
937 909194806
938 909521972
939 909521716
940 959723057
941 909128758
942 892746037
943 959657523
944 909522230
945 859191093
946 859125305
947 808859185
948 909194294
949 909522740
950 909391409
951 842282549
952 909194806
953 875968820
954 959788592
955 909325622
956 892746035
957 926234165
958 926495542
959 909194550
960 875966518
961 909391409
962 909194806
963 909456438
964 909521460
965 959723057
966 909128758
967 892745781
968 942880308
969 909391158
970 909522741
971 875968819
972 808859193
973 909194294
974 909522228
975 892614193
976 909194294
977 875966518
978 875771449
979 926234169
980 909325622
981 892745523
982 892679731
983 942880311
984 909587510
985 859191093
986 926103095
987 909653046
988 959787570
989 959853878
990 959787317
991 876099124
992 842282804
993 842609458
994 858994739
995 892548663
996 875901752
997 859190579
998 858993204
999 875771443
1000 825439025
1001 858927667
1002 858994738
1003 825438770
1004 892416817
1005 858992947
1006 808661296
1007 892351283
1008 842217778
1009 959591225
1010 959984183
1011 876098104
1012 842021170
1013 926036792
1014 926429751
1015 808989235
1016 842151730
1017 926038071
1018 808923704
1019 842217266
1020 909260599
1021 959853112
1022 959788850
1023 842610226
1024 926037814
1025 808923700
1026 808793650
1027 842282802
1028 909259319
1029 859255350
1030 842348338
1031 926037814
1032 926364210
1033 842020658
1034 842150455
1035 926036024
1036 842478131
1037 842086450
1038 926037815
1039 842543667
1040 842086450
1041 942814519
1042 943206962
1043 926364213
1044 842151986
1045 942815288
1046 943206961
1047 825831986
1048 842348594
1049 959591224
1050 959984179
1051 842283058
1052 959591481
1053 926429748
1054 926234930
1055 842545458
1056 959592760
1057 825242421
1058 825440562
1059 859126066
1060 959591728
1061 943272505
1062 858796339
1063 808662832
1064 909194036
1065 859320627
1066 858993201
1067 842216242
1068 808596281
1069 859320883
1070 858994739
1071 875770672
1072 859255859
1073 858992692
1074 859124537
1075 808792884
1076 859124787
1077 909324342
1078 909456177
1079 909521715
1080 858994483
1081 926102582
1082 943207221
1083 859387699
1084 808727864
1085 909718323
1086 909523251
1087 875901236
1088 808726577
1089 842150965
1090 842150452
1091 875639092
1092 859059506
1093 909194288
1094 875835956
1095 825504819
1096 959525945
1097 875705140
1098 875837489
1099 842281521
1100 875639860
1101 875704372
1102 808726833
1103 809055030
1104 859126067
1105 926103097
1106 926364472
1107 876098361
1108 859387443
1109 926103094
1110 926298933
1111 926233396
1112 859256371
1113 875772213
1114 926233401
1115 859125043
1116 875770420
1117 942945078
1118 942945075
1119 859124531
1120 842217779
1121 842150711
1122 842609203
1123 859386163
1124 825438513
1125 842085176
1126 858992691
1127 808661041
1128 960049721
1129 858992691
1130 858928944
1131 959591993
1132 858796855
1133 842283314
1134 959590713
1135 842609209
1136 842479666
1137 959591481
1138 959984177
1139 943206962
1140 842545202
1141 942815543
1142 943206963
1143 909586998
1144 842479410
1145 926036792
1146 842478132
1147 842544946
1148 909259319
1149 876032567
1150 875640626
1151 842217010
1152 909260854
1153 808858169
1154 808662578
1155 842413618
1156 892483637
1157 875967032
1158 842478898
1159 909259829
1160 926233138
1161 842151218
1162 842152245
1163 892483637
1164 926233137
1165 842609970
1166 892482101
1167 842412599
1168 842347826
1169 909260597
1170 909521461
1171 959787568
1172 842020658
1173 909260598
1174 909586996
1175 909586997
1176 842086194
1177 942813496
1178 959918646
1179 842414130
1180 942814521
1181 825831992
1182 825372723
1183 859257138
1184 842215472
1185 926102326
1186 926299699
1187 892810804
1188 875902258
1189 825832759
1190 892743734
1191 825636409
1192 808662582
1193 909390134
1194 909521714
1195 842412084
1196 892483124
1197 909456438
1198 842412851
1199 909391414
1200 909128758
1201 875968306
1202 875836981
1203 959591991
1204 909259830
1205 859189301
1206 858994226
1207 875902521
1208 909587254
1209 892745267
1210 842282548
1211 909390646
1212 875967285
1213 858994231
1214 858797366
1215 909260086
1216 875967539
1217 892679734
1218 892810038
1219 909259830
1220 875968309
1221 959657521
1222 909587766
1223 859190580
1224 892679734
1225 909129014
1226 909522227
1227 892744245
1228 926103093
1229 909653046
1230 859191093
1231 859059769
1232 909718838
1233 875967284
1234 875902512
1235 942945849
1236 909652790
1237 892745525
1238 892548658
1239 859125303
1240 909522230
1241 875968563
1242 959788601
1243 909194294
1244 909521972
1245 875836976
1246 875639862
1247 909129270
1248 859191604
1249 926234169
1250 926102838
1251 909652790
1252 892744757
1253 959657527
1254 909718582
1255 875966518
1256 892614194
1257 909194806
1258 909522484
1259 909521204
1260 808793648
1261 909718326
1262 892745781
1263 959657525
1264 909391158
1265 875968565
1266 875836976
1267 825636409
1268 909259830
1269 909522228
1270 909391409
1271 842282550
1272 909129270
1273 875966773
1274 943011376
1275 909456694
1276 892746035
1277 959788595
1278 959460406
1279 909718582
1280 875966774
1281 892614195
1282 892483126
1283 909587510
1284 909521204
1285 825570864
1286 909718326
1287 892745525
1288 959657526
1289 909325622
1290 909523253
1291 875966516
1292 825636408
1293 909325366
1294 909521972
1295 926168625
1296 909194294
1297 892743734
1298 892548657
1299 926234169
1300 909456694
1301 892745779
1302 892679730
1303 808728121
1304 909653046
1305 875966518
1306 859059763
1307 909194806
1308 875968308
1309 959788592
1310 959526198
1311 909652790
1312 892745269
1313 942880309
1314 942748982
1315 909653302
1316 875966516
1317 808859191
1318 909325366
1319 909521716
1320 926168624
1321 909128758
1322 909522997
1323 859189557
1324 892679736
1325 909456694
1326 892745779
1327 943011377
1328 909128758
1329 909522484
1330 909391408
1331 842282546
1332 909129270
1333 859191092
1334 859125305
1335 825570872
1336 909587254
1337 892744757
1338 926103093
1339 909718582
1340 859191093
1341 875836985
1342 876033334
1343 909128758
1344 875968051
1345 909260345
1346 909654069
1347 875770933
1348 875835961
1349 825373750
1350 858927156
1351 909325879
1352 892744504
1353 859321395
1354 858992692
1355 858993460
1356 825373488
1357 859124275
1358 808662577
1359 959460149
1360 842346547
1361 959591225
1362 960049717
1363 876098101
1364 842217522
1365 926037816
1366 926364215
1367 808989237
1368 842217266
1369 926038326
1370 842478134
1371 842348082
1372 926036535
1373 875967026
1374 876164658
1375 842151730
1376 909260086
1377 876032568
1378 876099122
1379 842479154
1380 926037559
1381 959853106
1382 842544946
1383 926037815
1384 808989233
1385 842151986
1386 842150967
1387 942813496
1388 959918646
1389 842151986
1390 942813497
1391 876098100
1392 842283314
1393 942815544
1394 943272502
1395 892940855
1396 842610738
1397 808663353
1398 809054769
1399 808465202
1400 859254835
1401 808661040
1402 959525686
1403 859058483
1404 858994481
1405 808661811
1406 809054771
1407 859190323
1408 875771444
1409 808858418
1410 808990259
1411 859059763
1412 808728120
1413 825242677
1414 876163380
1415 859058996
1416 808793145
1417 876164916
1418 875837495
1419 825570104
1420 942748981
1421 892678453
1422 892678964
1423 825505073
1424 892483125
1425 892679223
1426 892810553
1427 943207729
1428 892483381
1429 959788087
1430 959919411
1431 842478905
1432 892418357
1433 909455672
1434 825767223
1435 892876597
1436 909457205
1437 943076661
1438 942945333
1439 892613685
1440 842347061
1441 825374009
1442 825242421
1443 875639093
1444 808793657
1445 876164150
1446 875837236
1447 926167352
1448 892679222
1449 875967796
1450 875837237
1451 842282035
1452 825439288
1453 858796340
1454 808728633
1455 959984435
1456 859191091
1457 926102072
1458 926298934
1459 909521713
1460 859059763
1461 892549428
1462 892678960
1463 926102322
1464 859058995
1465 842217523
1466 959525686
1467 859124275
1468 808662833
1469 892416824
1470 892547379
1471 858992691
1472 825440304
1473 960049712
1474 959524915
1475 842412083
1476 959591993
1477 842019637
1478 842283314
1479 959592760
1480 842609207
1481 842348594
1482 842150201
1483 942815544
1484 892875312
1485 842479666
1486 926037815
1487 859320888
1488 842282802
1489 926036535
1490 926364216
1491 909521457
1492 842217266
1493 909260854
1494 909521457
1495 892744246
1496 842413362
1497 909261109
1498 842347057
1499 842216754
1500 875706165
1501 926167609
1502 926037298
1503 842413106
1504 875704628
1505 875835959
1506 876032818
1507 842150962
1508 858927668
1509 942879285
1510 842019890
1511 858927923
1512 959656500
1513 842150706
1514 842150195
1515 858928947
1516 942813746
1517 842347314
1518 842150451
1519 842215990
1520 842150706
1521 858928690
1522 858993200
1523 942813749
1524 842085170
1525 858929459
1526 858993205
1527 959722039
1528 842544178
1529 909261108
1530 909521459
1531 842217010
1532 942815031
1533 808989234
1534 808595763
1535 876034099
1536 859123766
1537 926430520
1538 926169141
1539 909654325
1540 825635890
1541 842085939
1542 909456182
1543 825636914
1544 959657528
1545 909652790
1546 909521458
1547 875968819
1548 926037557
1549 909587254
1550 859189301
1551 875771442
1552 909260086
1553 859191347
1554 859125299
1555 875836978
1556 909259574
1557 875966773
1558 875771449
1559 926168627
1560 909325622
1561 875967795
1562 909456947
1563 909718326
1564 892743732
1565 859059767
1566 859255606
1567 909522230
1568 859191348
1569 875902518
1570 875771190
1571 909521718
1572 892743733
1573 942880311
1574 909521974
1575 875968821
1576 842282545
1577 909718838
1578 909522484
1579 892746035
1580 808793656
1581 909587254
1582 892745013
1583 942880309
1584 909194550
1585 859191349
1586 859059769
1587 808859190
1588 909325366
1589 909521716
1590 909391409
1591 808728119
1592 909718838
1593 859189813
1594 909456952
1595 909522230
1596 892746035
1597 959788593
1598 959525942
1599 909521974
1600 875966774
1601 859059763
1602 858863158
1603 909653046
1604 892743732
1605 842348089
1606 909718326
1607 892745013
1608 959657526
1609 909194550
1610 909520950
1611 875966772
1612 825636407
1613 909390902
1614 909521716
1615 942945841
1616 909128758
1617 892745781
1618 892548659
1619 892679736
1620 909587766
1621 892746035
1622 892745264
1623 825505328
1624 909521974
1625 875966774
1626 842282548
1627 909129270
1628 859191348
1629 943011385
1630 942880054
1631 909652790
1632 892744757
1633 942880311
1634 943273014
1635 909718838
1636 875966516
1637 808859189
1638 909390902
1639 892743988
1640 942945849
1641 909652790
1642 909522741
1643 859189813
1644 859125303
1645 909522230
1646 875968307
1647 943011384
1648 909718326
1649 892744500
1650 892614201
1651 959657523
1652 909653302
1653 859191092
1654 859125302
1655 825570869
1656 909456182
1657 892743989
1658 892548661
1659 909325366
1660 842412597
1661 808531512
1662 808793909
1663 876163125
1664 859060277
1665 808465456
1666 808793907
1667 859387443
1668 858994741
1669 909325113
1670 858993459
1671 825439793
1672 842085169
1673 842610994
1674 842150201
1675 942814265
1676 909586996
1677 842610482
1678 909259575
1679 943075892
1680 842413618
1681 909260597
1682 909521456
1683 859124274
1684 842216754
1685 892483637
1686 892613169
1687 892678712
1688 842020146
1689 892483124
1690 808792626
1691 842282034
1692 892481589
1693 875835954
1694 876098610
1695 842216754
1696 875705908
1697 875901495
1698 876164146
1699 842544178
1700 892483125
1701 959722035
1702 842478898
1703 892483381
1704 943010353
1705 842085938
